1
220,599
220,382
143,382
143,220
295,220
295,100
183,100
183,35
S0000001111113
P5;11;0
2
399,366
282,366
282,519
134,519
134,262
270,262
270,127
35,127
S000002221111122233
P4;7;12;15;0
3
87,599
87,518
276,518
276,313
130,313
130,183
196,183
196,65
364,65
S0001110001111222233
P2;5;8;12;16;17;0
4
399,430
350,430
350,80
75,80
75,340
210,340
210,475
35,475
S00001111122222223
P3;8;15;0
5
0,200
90,200
90,85
275,85
275,290
165,290
165,418
252,418
252,535
365,535
S00022211111333
P2;5;10;11;12;0
6
220,599
220,382
143,382
143,220
295,220
295,100
183,100
183,35
S0000001111113
P5;11;0
7
399,366
282,366
282,519
134,519
134,262
270,262
270,127
35,127
S000002221111122233
P4;7;12;15;0
8
87,599
87,518
276,518
276,313
130,313
130,183
196,183
196,65
364,65
S0001110001111222233
P2;5;8;12;16;17;0
9
399,430
350,430
350,80
75,80
75,340
210,340
210,475
35,475
S00001111122222223
P3;8;15;0
0